<div>                        <script type="text/javascript">window.PlotlyConfig = {MathJaxConfig: 'local'};</script>
        <script charset="utf-8" src="https://cdn.plot.ly/plotly-2.35.2.min.js"></script>                <div id="46663d9e-8d17-4e93-b59c-2d48c6ddf390" class="plotly-graph-div" style="height:800px; width:800px;"></div>            <script type="text/javascript">                                    window.PLOTLYENV=window.PLOTLYENV || {};                                    if (document.getElementById("46663d9e-8d17-4e93-b59c-2d48c6ddf390")) {                    Plotly.newPlot(                        "46663d9e-8d17-4e93-b59c-2d48c6ddf390",                        [{"colorscale":[[0.0,"rgb(103,0,31)"],[0.1,"rgb(178,24,43)"],[0.2,"rgb(214,96,77)"],[0.3,"rgb(244,165,130)"],[0.4,"rgb(253,219,199)"],[0.5,"rgb(247,247,247)"],[0.6,"rgb(209,229,240)"],[0.7,"rgb(146,197,222)"],[0.8,"rgb(67,147,195)"],[0.9,"rgb(33,102,172)"],[1.0,"rgb(5,48,97)"]],"text":[[1.0,0.04,-0.07,0.24,0.24,0.61,0.81,0.05,0.21,-0.1,0.47,0.21],[0.04,1.0,0.18,-0.14,-0.14,-0.02,0.01,-0.11,-0.1,0.0,-0.02,-0.07],[-0.07,0.18,1.0,-0.33,-0.33,-0.16,-0.08,-0.26,-0.26,-0.04,-0.12,-0.21],[0.24,-0.14,-0.33,1.0,1.0,0.59,0.27,0.75,0.92,-0.22,0.4,0.54],[0.24,-0.14,-0.33,1.0,1.0,0.59,0.27,0.75,0.92,-0.22,0.4,0.54],[0.61,-0.02,-0.16,0.59,0.59,1.0,0.55,0.31,0.52,-0.28,0.8,0.45],[0.81,0.01,-0.08,0.27,0.27,0.55,1.0,0.17,0.27,-0.09,0.44,0.21],[0.05,-0.11,-0.26,0.75,0.75,0.31,0.17,1.0,0.79,-0.1,0.2,0.4],[0.21,-0.1,-0.26,0.92,0.92,0.52,0.27,0.79,1.0,-0.19,0.36,0.49],[-0.1,0.0,-0.04,-0.22,-0.22,-0.28,-0.09,-0.1,-0.19,1.0,-0.23,-0.23],[0.47,-0.02,-0.12,0.4,0.4,0.8,0.44,0.2,0.36,-0.23,1.0,0.4],[0.21,-0.07,-0.21,0.54,0.54,0.45,0.21,0.4,0.49,-0.23,0.4,1.0]],"textfont":{"size":10},"texttemplate":"%{text}","x":["reads","total_asv_reads","asv_count","percentage_reads","read_proportion","log_reads","read_density","is_single_asv","is_dominant_asv","reads_rank","relative_abundance","is_match"],"y":["reads","total_asv_reads","asv_count","percentage_reads","read_proportion","log_reads","read_density","is_single_asv","is_dominant_asv","reads_rank","relative_abundance","is_match"],"z":[[1.0,0.04125081845034052,-0.0663573524029823,0.2387724652603577,0.23877271498908648,0.6053811246317802,0.8086520100030978,0.048741076882290325,0.2106633574713147,-0.10077227691555503,0.47055917799701596,0.21244797378415248],[0.04125081845034052,1.0,0.1795933996652418,-0.13644124545238678,-0.13643962221773312,-0.017354892488351474,0.014611766847545596,-0.10600842212439993,-0.10059689245723508,0.003607294957212081,-0.020821599774036033,-0.06737824705987826],[-0.0663573524029823,0.1795933996652418,1.0,-0.3337524543770432,-0.3337525995973001,-0.16378447574891872,-0.0797664929786095,-0.2627939306151964,-0.25884136974670824,-0.04491151213557165,-0.1236342919631984,-0.20855559876728508],[0.2387724652603577,-0.13644124545238678,-0.3337524543770432,1.0,0.9999999984685848,0.5915775452540157,0.266115268662832,0.7468532083607267,0.9155661226547849,-0.22175395163218237,0.40028245091056697,0.5398957444507038],[0.23877271498908648,-0.13643962221773312,-0.3337525995973001,0.9999999984685848,1.0,0.591577836707485,0.2661154966331573,0.7468530830642534,0.9155659769690923,-0.22175409000331506,0.4002824929113027,0.5398962196928929],[0.6053811246317802,-0.017354892488351474,-0.16378447574891872,0.5915775452540157,0.591577836707485,1.0,0.5517865604088905,0.3106434974394534,0.5223246023011129,-0.276945630554507,0.7976803526390317,0.45092389359733537],[0.8086520100030978,0.014611766847545596,-0.0797664929786095,0.266115268662832,0.2661154966331573,0.5517865604088905,1.0,0.17363925755454127,0.26791382153520277,-0.09441375399051083,0.44284244113421245,0.20583139370486694],[0.048741076882290325,-0.10600842212439993,-0.2627939306151964,0.7468532083607267,0.7468530830642534,0.3106434974394534,0.17363925755454127,1.0,0.786747003990148,-0.09599621918408231,0.20090406107980707,0.4033940061295108],[0.2106633574713147,-0.10059689245723508,-0.25884136974670824,0.9155661226547849,0.9155659769690923,0.5223246023011129,0.26791382153520277,0.786747003990148,1.0,-0.18823004081471184,0.36125248700898194,0.4940189751516828],[-0.10077227691555503,0.003607294957212081,-0.04491151213557165,-0.22175395163218237,-0.22175409000331506,-0.276945630554507,-0.09441375399051083,-0.09599621918408231,-0.18823004081471184,1.0,-0.2317807266525503,-0.22506027853190874],[0.47055917799701596,-0.020821599774036033,-0.1236342919631984,0.40028245091056697,0.4002824929113027,0.7976803526390317,0.44284244113421245,0.20090406107980707,0.36125248700898194,-0.2317807266525503,1.0,0.40483229941802423],[0.21244797378415248,-0.06737824705987826,-0.20855559876728508,0.5398957444507038,0.5398962196928929,0.45092389359733537,0.20583139370486694,0.4033940061295108,0.4940189751516828,-0.22506027853190874,0.40483229941802423,1.0]],"zmid":0,"type":"heatmap"}],                        {"template":{"data":{"histogram2dcontour":[{"type":"histogram2dcontour","colorbar":{"outlinewidth":0,"ticks":""},"colorscale":[[0.0,"#0d0887"],[0.1111111111111111,"#46039f"],[0.2222222222222222,"#7201a8"],[0.3333333333333333,"#9c179e"],[0.4444444444444444,"#bd3786"],[0.5555555555555556,"#d8576b"],[0.6666666666666666,"#ed7953"],[0.7777777777777778,"#fb9f3a"],[0.8888888888888888,"#fdca26"],[1.0,"#f0f921"]]}],"choropleth":[{"type":"choropleth","colorbar":{"outlinewidth":0,"ticks":""}}],"histogram2d":[{"type":"histogram2d","colorbar":{"outlinewidth":0,"ticks":""},"colorscale":[[0.0,"#0d0887"],[0.1111111111111111,"#46039f"],[0.2222222222222222,"#7201a8"],[0.3333333333333333,"#9c179e"],[0.4444444444444444,"#bd3786"],[0.5555555555555556,"#d8576b"],[0.6666666666666666,"#ed7953"],[0.7777777777777778,"#fb9f3a"],[0.8888888888888888,"#fdca26"],[1.0,"#f0f921"]]}],"heatmap":[{"type":"heatmap","colorbar":{"outlinewidth":0,"ticks":""},"colorscale":[[0.0,"#0d0887"],[0.1111111111111111,"#46039f"],[0.2222222222222222,"#7201a8"],[0.3333333333333333,"#9c179e"],[0.4444444444444444,"#bd3786"],[0.5555555555555556,"#d8576b"],[0.6666666666666666,"#ed7953"],[0.7777777777777778,"#fb9f3a"],[0.8888888888888888,"#fdca26"],[1.0,"#f0f921"]]}],"heatmapgl":[{"type":"heatmapgl","colorbar":{"outlinewidth":0,"ticks":""},"colorscale":[[0.0,"#0d0887"],[0.1111111111111111,"#46039f"],[0.2222222222222222,"#7201a8"],[0.3333333333333333,"#9c179e"],[0.4444444444444444,"#bd3786"],[0.5555555555555556,"#d8576b"],[0.6666666666666666,"#ed7953"],[0.7777777777777778,"#fb9f3a"],[0.8888888888888888,"#fdca26"],[1.0,"#f0f921"]]}],"contourcarpet":[{"type":"contourcarpet","colorbar":{"outlinewidth":0,"ticks":""}}],"contour":[{"type":"contour","colorbar":{"outlinewidth":0,"ticks":""},"colorscale":[[0.0,"#0d0887"],[0.1111111111111111,"#46039f"],[0.2222222222222222,"#7201a8"],[0.3333333333333333,"#9c179e"],[0.4444444444444444,"#bd3786"],[0.5555555555555556,"#d8576b"],[0.6666666666666666,"#ed7953"],[0.7777777777777778,"#fb9f3a"],[0.8888888888888888,"#fdca26"],[1.0,"#f0f921"]]}],"surface":[{"type":"surface","colorbar":{"outlinewidth":0,"ticks":""},"colorscale":[[0.0,"#0d0887"],[0.1111111111111111,"#46039f"],[0.2222222222222222,"#7201a8"],[0.3333333333333333,"#9c179e"],[0.4444444444444444,"#bd3786"],[0.5555555555555556,"#d8576b"],[0.6666666666666666,"#ed7953"],[0.7777777777777778,"#fb9f3a"],[0.8888888888888888,"#fdca26"],[1.0,"#f0f921"]]}],"mesh3d":[{"type":"mesh3d","colorbar":{"outlinewidth":0,"ticks":""}}],"scatter":[{"fillpattern":{"fillmode":"overlay","size":10,"solidity":0.2},"type":"scatter"}],"parcoords":[{"type":"parcoords","line":{"colorbar":{"outlinewidth":0,"ticks":""}}}],"scatterpolargl":[{"type":"scatterpolargl","marker":{"colorbar":{"outlinewidth":0,"ticks":""}}}],"bar":[{"error_x":{"color":"#2a3f5f"},"error_y":{"color":"#2a3f5f"},"marker":{"line":{"color":"#E5ECF6","width":0.5},"pattern":{"fillmode":"overlay","size":10,"solidity":0.2}},"type":"bar"}],"scattergeo":[{"type":"scattergeo","marker":{"colorbar":{"outlinewidth":0,"ticks":""}}}],"scatterpolar":[{"type":"scatterpolar","marker":{"colorbar":{"outlinewidth":0,"ticks":""}}}],"histogram":[{"marker":{"pattern":{"fillmode":"overlay","size":10,"solidity":0.2}},"type":"histogram"}],"scattergl":[{"type":"scattergl","marker":{"colorbar":{"outlinewidth":0,"ticks":""}}}],"scatter3d":[{"type":"scatter3d","line":{"colorbar":{"outlinewidth":0,"ticks":""}},"marker":{"colorbar":{"outlinewidth":0,"ticks":""}}}],"scattermapbox":[{"type":"scattermapbox","marker":{"colorbar":{"outlinewidth":0,"ticks":""}}}],"scatterternary":[{"type":"scatterternary","marker":{"colorbar":{"outlinewidth":0,"ticks":""}}}],"scattercarpet":[{"type":"scattercarpet","marker":{"colorbar":{"outlinewidth":0,"ticks":""}}}],"carpet":[{"aaxis":{"endlinecolor":"#2a3f5f","gridcolor":"white","linecolor":"white","minorgridcolor":"white","startlinecolor":"#2a3f5f"},"baxis":{"endlinecolor":"#2a3f5f","gridcolor":"white","linecolor":"white","minorgridcolor":"white","startlinecolor":"#2a3f5f"},"type":"carpet"}],"table":[{"cells":{"fill":{"color":"#EBF0F8"},"line":{"color":"white"}},"header":{"fill":{"color":"#C8D4E3"},"line":{"color":"white"}},"type":"table"}],"barpolar":[{"marker":{"line":{"color":"#E5ECF6","width":0.5},"pattern":{"fillmode":"overlay","size":10,"solidity":0.2}},"type":"barpolar"}],"pie":[{"automargin":true,"type":"pie"}]},"layout":{"autotypenumbers":"strict","colorway":["#636efa","#EF553B","#00cc96","#ab63fa","#FFA15A","#19d3f3","#FF6692","#B6E880","#FF97FF","#FECB52"],"font":{"color":"#2a3f5f"},"hovermode":"closest","hoverlabel":{"align":"left"},"paper_bgcolor":"white","plot_bgcolor":"#E5ECF6","polar":{"bgcolor":"#E5ECF6","angularaxis":{"gridcolor":"white","linecolor":"white","ticks":""},"radialaxis":{"gridcolor":"white","linecolor":"white","ticks":""}},"ternary":{"bgcolor":"#E5ECF6","aaxis":{"gridcolor":"white","linecolor":"white","ticks":""},"baxis":{"gridcolor":"white","linecolor":"white","ticks":""},"caxis":{"gridcolor":"white","linecolor":"white","ticks":""}},"coloraxis":{"colorbar":{"outlinewidth":0,"ticks":""}},"colorscale":{"sequential":[[0.0,"#0d0887"],[0.1111111111111111,"#46039f"],[0.2222222222222222,"#7201a8"],[0.3333333333333333,"#9c179e"],[0.4444444444444444,"#bd3786"],[0.5555555555555556,"#d8576b"],[0.6666666666666666,"#ed7953"],[0.7777777777777778,"#fb9f3a"],[0.8888888888888888,"#fdca26"],[1.0,"#f0f921"]],"sequentialminus":[[0.0,"#0d0887"],[0.1111111111111111,"#46039f"],[0.2222222222222222,"#7201a8"],[0.3333333333333333,"#9c179e"],[0.4444444444444444,"#bd3786"],[0.5555555555555556,"#d8576b"],[0.6666666666666666,"#ed7953"],[0.7777777777777778,"#fb9f3a"],[0.8888888888888888,"#fdca26"],[1.0,"#f0f921"]],"diverging":[[0,"#8e0152"],[0.1,"#c51b7d"],[0.2,"#de77ae"],[0.3,"#f1b6da"],[0.4,"#fde0ef"],[0.5,"#f7f7f7"],[0.6,"#e6f5d0"],[0.7,"#b8e186"],[0.8,"#7fbc41"],[0.9,"#4d9221"],[1,"#276419"]]},"xaxis":{"gridcolor":"white","linecolor":"white","ticks":"","title":{"standoff":15},"zerolinecolor":"white","automargin":true,"zerolinewidth":2},"yaxis":{"gridcolor":"white","linecolor":"white","ticks":"","title":{"standoff":15},"zerolinecolor":"white","automargin":true,"zerolinewidth":2},"scene":{"xaxis":{"backgroundcolor":"#E5ECF6","gridcolor":"white","linecolor":"white","showbackground":true,"ticks":"","zerolinecolor":"white","gridwidth":2},"yaxis":{"backgroundcolor":"#E5ECF6","gridcolor":"white","linecolor":"white","showbackground":true,"ticks":"","zerolinecolor":"white","gridwidth":2},"zaxis":{"backgroundcolor":"#E5ECF6","gridcolor":"white","linecolor":"white","showbackground":true,"ticks":"","zerolinecolor":"white","gridwidth":2}},"shapedefaults":{"line":{"color":"#2a3f5f"}},"annotationdefaults":{"arrowcolor":"#2a3f5f","arrowhead":0,"arrowwidth":1},"geo":{"bgcolor":"white","landcolor":"#E5ECF6","subunitcolor":"white","showland":true,"showlakes":true,"lakecolor":"white"},"title":{"x":0.05},"mapbox":{"style":"light"}}},"title":{"text":"Feature Correlation Matrix"},"height":800,"width":800},                        {"responsive": true}                    )                };                            </script>        </div>